# round <n>
# path <r,c> <r,c> ...
# tunnel <r,c> <r,c> ...   (one line per contiguous group)
# gun <col> <row>
# same round number = multiple paths
 
round 1
path 5,0 5,1 5,2 5,3 5,4 5,5 5,6 5,7 5,8 5,9 5,10 5,11 5,12 5,13 4,13 3,13 3,12 3,11 3,10 3,9 3,8 3,7 3,6 3,5 3,4 3,3 3,2 3,1 2,1 1,1 1,2 1,3 1,4 1,5 1,6 1,7 1,8 1,9 1,10 1,11 1,12 1,13 1,14
tunnel 5,3 5,4 5,5
gun 7 4
 
round 1
path 0,4 1,4 2,4 3,4 4,4 5,4 6,4 6,5 6,6 6,7 6,8 6,9 6,10 5,10 4,10 3,10 2,10 1,10 0,10
tunnel 1,4 2,4 3,4
gun 7 4
 
round 2
path 3,0 3,1 2,1 1,1 1,2 1,3 1,4 1,5 1,6 1,7 1,8 1,9 1,10 1,11 1,12 1,13 2,13 3,13 4,13 5,13 5,12 5,11 5,10 5,9 5,8 5,7 5,6 5,5 5,4 5,3 5,2 5,1 5,0
tunnel 1,6 1,7 1,8
tunnel 2,13 3,13 4,13
gun 7 3
 
round 3
path 3,14 3,13 3,12 3,11 3,10 3,9 3,8 3,7 3,6 3,5 3,4 3,3 3,2 3,1 3,0
tunnel 3,11 3,10
tunnel 3,4 3,3
gun 7 5
 
round 4
path 5,0 5,1 5,2 5,3 5,4 5,5 5,6 5,7 5,8 5,9 5,10 5,11 5,12 5,13 4,13 3,13 2,13 1,13 1,12 1,11 2,11 3,11 3,10 3,9 2,9 1,9 1,8 1,7 2,7 3,7 3,6 3,5 2,5 1,5 1,4 1,3 2,3 3,3 3,2 3,1 2,1 1,1 0,1
tunnel 5,6 5,7 5,8
tunnel 1,9 1,8 1,7
tunnel 1,5 1,4 1,3
gun 7 4

round 5
path 5,0 5,1 5,2 5,3 5,4 5,5 5,6 4,6 3,6 3,5 3,4 3,3 3,2 3,1 2,1 1,1 1,2 1,3 1,4 1,5 1,6 1,7 1,8 1,9 1,10 1,11 1,12 1,13 2,13 3,13 3,12 3,11 3,10 3,9 3,8 4,8 5,8 5,9 5,10 5,11 5,12 5,13 5,14
tunnel 5,2 5,3
tunnel 1,4 1,5
tunnel 1,10 1,11
tunnel 5,11 5,12
gun 7 2

round 6
path 5,0 5,1 5,2 5,3 5,4 5,5 5,6 5,7 5,8 5,9 5,10 5,11 5,12 5,13 5,14
tunnel 5,13 5,14
gun 8 4

round 6
path 6,7 5,7 4,7 3,7 2,7 1,7 0,7
tunnel 1,7 0,7
gun 8 4

round 7
path 0,0 0,1 1,1 1,2 2,2 2,3 3,3 3,4 4,4 4,5 5,5 5,6 5,7 5,8 5,9 4,9 4,10 3,10 3,11 2,11 2,12 1,12 1,13 0,13 0,14
tunnel 5,5 5,6 5,7 5,8 5,9
gun 7 4

round 8
path 4,0 4,1 4,2 4,3 4,4 4,5 4,6 3,6 2,6 2,5 2,4 2,3 2,2 2,1 1,1 0,1 0,2 0,3 0,4 0,5 0,6 0,7 0,8 1,8 2,8 3,8 4,8 5,8 5,9 5,10 4,10 3,10 2,10 1,10 1,11 1,12 2,12 3,12 4,12 5,12 6,12 6,13 6,14
tunnel 4,0 4,1
tunnel 0,3 0,4 0,5 0,6
tunnel 6,13 6,14
gun 7 3

round 9
path 5,0 5,1 5,2 5,3 5,4 5,5 5,6 5,7 5,8 5,9 5,10 5,11 5,12 5,13 4,13 3,13 2,13 1,13 0,13
tunnel 5,3 5,4 5,5
tunnel 4,13 3,13
gun 7 2

round 9
path 0,1 1,1 2,1 3,1 4,1 4,2 4,3 4,4 4,5 4,6 4,7 4,8 4,9 4,10 4,11 4,12 4,13 4,14
tunnel 2,1 3,1
tunnel 4,9 4,10 4,11
gun 7 2

round 10
path 1,0 1,1 1,2 1,3 2,3 3,3 3,2 3,1 4,1 5,1 5,2 5,3 5,4 5,5 5,6 5,7 5,8 5,9 4,9 3,9 3,10 3,11 4,11 5,11 5,12 5,13 4,13 3,13 2,13 1,13 1,12 1,11 1,10 1,9 1,8 1,7 1,6 1,5 0,5
tunnel 5,3 5,4 5,5 5,6 5,7
tunnel 1,7 1,8 1,9 1,10 1,11
gun 6 3

round 11
path 5,0 5,1 5,2 5,3 5,4 5,5 5,6 5,7 5,8 5,9 5,10 5,11 5,12 5,13 5,14
tunnel 5,0 5,1
gun 7 6

round 11
path 3,0 3,1 3,2 3,3 3,4 3,5 3,6 3,7 3,8 3,9 3,10 3,11 3,12 3,13 3,14
tunnel 3,6 3,7 3,8
gun 7 6

round 11
path 1,0 1,1 1,2 1,3 1,4 1,5 1,6 1,7 1,8 1,9 1,10 1,11 1,12 1,13 1,14
tunnel 1,13 1,14
gun 7 6

round 12
path 0,0 0,1 0,2 0,3 0,4 0,5 0,6 0,7 0,8 0,9 0,10 0,11 0,12 0,13 0,14 1,14 2,14 3,14 4,14 5,14 6,14 6,13 6,12 6,11 6,10 6,9 6,8 6,7 6,6 6,5 6,4 6,3 6,2 6,1 6,0
tunnel 6,13 6,12
tunnel 6,9 6,8
tunnel 6,5 6,4
tunnel 6,1 6,0
gun 5 3

round 12
path 6,4 5,4 4,4 3,4 2,4 2,5 2,6 2,7 2,8 2,9 2,10 2,11 2,12 3,12 4,12 4,11 4,10 4,9 4,8 4,7 4,6 5,6 6,6
tunnel 5,4 4,4 3,4
gun 5 3